{
 "cells": [
  {
   "cell_type": "code",
   "execution_count": 1,
   "id": "d0e3aff4",
   "metadata": {},
   "outputs": [],
   "source": [
    "from typing import cast\n",
    "\n",
    "import numpy as np\n",
    "from sklearn.manifold import MDS\n",
    "import matplotlib.pyplot as plt\n",
    "import matplotlib\n",
    "\n",
    "import ffutils as ff\n",
    "import machines\n",
    "from pdfa import PDFA\n",
    "import variety as var\n",
    "from ffutils import Model, TestConfig, TrainRun, TestRun, ModelType, EnsMode, VoteStrat\n",
    "from export import import_pdfa_json\n",
    "from clock import SimpleClock\n",
    "from cache import Cache\n",
    "\n",
    "# === GLOBAL OBJECTS ===\n",
    "\n",
    "CORES = 12\n",
    "CLOCK = SimpleClock()\n",
    "CACHE = Cache()\n",
    "\n",
    "STANDARD_TEST = ff.create_standard_config(\"test\")\n",
    "REBER_CONFIG = ff.create_standard_config(\"reber\")\n",
    "PARITY_CONFIG = ff.create_standard_config(\"parity\")\n",
    "\n",
    "def PAUTOMAC_SET(set_number: int):\n",
    "    return TestConfig(\n",
    "        name = f\"pautomac_{set_number}\",\n",
    "        dir = \"PAutomaC-competition_sets\",\n",
    "        train_suffix = \".pautomac.train.dat\",\n",
    "        model_suffix = \".pautomac.train.dat.ff\",\n",
    "        solution_suffix = \".pautomac_solution.txt\",\n",
    "        test_suffix = \".pautomac.test.dat\"\n",
    "    )\n",
    "\n",
    "def RANDOM_CONFIG(id: int) -> TestConfig:\n",
    "    return ff.create_standard_config(f\"random_{id}\", dir=\"random\")\n",
    "\n",
    "def RANDOM_MACHINE(id: int) -> PDFA:\n",
    "    return import_pdfa_json(input_file=f\"./../models/random_{id}.json\")"
   ]
  },
  {
   "cell_type": "code",
   "execution_count": 2,
   "id": "7470eaba",
   "metadata": {},
   "outputs": [],
   "source": [
    "def scores_flat_to_distance_matrix(scores_flat: list[float], n: int) -> np.ndarray:\n",
    "\n",
    "    # Get the sample cross entropy matrix\n",
    "    C = np.array(scores_flat, dtype=float).reshape((n, n))\n",
    "    print(C)\n",
    "\n",
    "    # Now compute the Distance matrix\n",
    "    D = np.zeros((n, n))\n",
    "    for i in range(n):\n",
    "        for j in range(i):\n",
    "            dist = var.compute_distance(C, i, j)\n",
    "            D[i, j] = dist\n",
    "            D[j, i] = dist\n",
    "    return D"
   ]
  },
  {
   "cell_type": "code",
   "execution_count": 3,
   "id": "7e056533",
   "metadata": {},
   "outputs": [],
   "source": [
    "def plot_nodes_by_distance(\n",
    "        scores_flat: list[float], \n",
    "        num_models: int, \n",
    "        series: list[tuple[str, int]], \n",
    "        trainset: str, \n",
    "        print_distances=False\n",
    "    ):\n",
    "\n",
    "    distance_matrix = var.scores_flat_to_distance_matrix_gao(scores_flat, num_models)\n",
    "    if print_distances:\n",
    "        np.set_printoptions(threshold=100000, linewidth=100000)\n",
    "        print(distance_matrix)\n",
    "\n",
    "    # reducer = UMAP(metric='precomputed', random_state=42, min_dist=0.0)\n",
    "    # print(reducer.fit_transform(distance_matrix))\n",
    "    # coords: np.ndarray = cast(np.ndarray, reducer.fit_transform(distance_matrix))\n",
    "\n",
    "    reducer = MDS(n_components=2, dissimilarity=\"precomputed\", metric=True, random_state=42)\n",
    "    coords = reducer.fit_transform(distance_matrix)\n",
    "    print(coords)\n",
    "\n",
    "    # Plot each group in the series\n",
    "    plt.figure(figsize=(10, 8))\n",
    "    tot = 0\n",
    "    for label, size in series:\n",
    "        indices = [i for i in range(tot, tot + size)]\n",
    "        tot += size\n",
    "        subset = coords[indices]\n",
    "        plt.scatter(subset[:, 0], subset[:, 1], s=150, label=label, alpha=0.5, linewidths=2, zorder=100-tot)  # s=100 makes points bigger\n",
    "        # for i in indices:\n",
    "        #     plt.text(coords[i, 0], coords[i, 1], str(i - min(indices)), fontsize=9, ha='center', va='center')\n",
    "\n",
    "    plt.title(f\"Model Similarities via MDS: {trainset}\")\n",
    "    plt.legend()\n",
    "    plt.tight_layout()\n",
    "    plt.show()\n",
    "\n",
    "\n",
    "def runs_into_series(runs: list[TrainRun]) -> list[tuple[str, int]]:\n",
    "    series = []\n",
    "    for run in runs:\n",
    "        if run.model.model_type == ModelType.SINGLE:\n",
    "            series.append((run.run_name, 1))\n",
    "        else:\n",
    "            series.append((run.run_name, run.model.nrestimators))\n",
    "    return series\n",
    "\n",
    "def total_models(series: list[tuple[str, int]]) -> int:\n",
    "    model_count = 0\n",
    "    for _, models in series:\n",
    "        model_count += models\n",
    "    return model_count"
   ]
  },
  {
   "cell_type": "code",
   "execution_count": 46,
   "id": "70e81634",
   "metadata": {},
   "outputs": [
    {
     "name": "stdout",
     "output_type": "stream",
     "text": [
      "[[0.         0.         0.         0.         0.25727107 0.         0.         0.         0.         0.         0.         0.         0.         0.24317547 0.18849923 0.         0.24877036 0.         0.         0.         0.         0.65087008 0.82205109 0.72614187 0.50333267 1.2678158  0.63359835 0.68673081 1.60716587 1.63191599 0.56107412 0.47777301 0.84056282 0.69580311 0.41759893 1.7006552  0.38792281 0.42032544 0.63724897 0.52238398 1.1845083 ]\n",
      " [0.         0.         0.         0.         0.26334625 0.         0.         0.         0.         0.         0.         0.         0.         0.249049   0.18515054 0.         0.25468351 0.         0.         0.         0.         0.6597607  0.82634097 0.73843183 0.51094593 1.26955238 0.64510969 0.69541393 1.62921504 1.65184261 0.5660204  0.48222034 0.85217154 0.7116937  0.4274623  1.72076847 0.40325695 0.41360877 0.64835559 0.53393274 1.20412107]\n",
      " [0.         0.         0.         0.         0.27941331 0.         0.         0.         0.         0.         0.         0.         0.         0.2647799  0.19821425 0.         0.27044089 0.         0.         0.         0.         0.66222549 0.82459827 0.73822973 0.52290447 1.30246411 0.64369763 0.69785351 1.63569012 1.66080133 0.57275888 0.4949284  0.87410233 0.70880129 0.43851335 1.73035591 0.40705958 0.42001152 0.6459724  0.53812943 1.20531803]\n",
      " [0.         0.         0.         0.         0.26399517 0.         0.         0.         0.         0.         0.         0.         0.         0.24978428 0.1923032  0.         0.25538058 0.         0.         0.         0.         0.65106368 0.82856128 0.72694621 0.50676003 1.28824825 0.63666288 0.68751168 1.60523737 1.63036208 0.56293188 0.48115557 0.85175072 0.69604604 0.41892966 1.6994336  0.39781436 0.4153927  0.64951326 0.52823226 1.18492789]\n",
      " [0.25727107 0.26334625 0.27941331 0.26399517 0.         0.27224056 0.26637786 0.26349048 0.26504361 0.26516026 0.25188578 0.26814888 0.26236083 0.         0.38272966 0.27081938 0.         0.26765726 0.26654496 0.25928613 0.26258051 0.5837013  0.81440561 0.66621366 0.45209781 1.28112351 0.60465939 0.72524683 1.51794009 1.53170374 0.42159195 0.42250865 0.97687264 0.58506341 0.41250562 1.58612472 0.3608347  0.58861957 0.61319548 0.38890282 1.03581978]\n",
      " [0.         0.         0.         0.         0.27224056 0.         0.         0.         0.         0.         0.         0.         0.         0.25788648 0.187159   0.         0.26348536 0.         0.         0.         0.         0.6471799  0.80438119 0.71924958 0.51061797 1.27181715 0.63214181 0.6806866  1.60007425 1.62238949 0.55680858 0.489831   0.84412556 0.69255747 0.42200955 1.6851575  0.39910506 0.4069332  0.64658555 0.53147749 1.17690961]\n",
      " [0.         0.         0.         0.         0.26637786 0.         0.         0.         0.         0.         0.         0.         0.         0.25207086 0.17810661 0.         0.25768935 0.         0.         0.         0.         0.65513113 0.81648696 0.73134424 0.51085741 1.25150176 0.64072622 0.68995346 1.60879604 1.64174177 0.56713746 0.46922839 0.83409844 0.70472124 0.41674014 1.71051292 0.39453827 0.41455875 0.63456504 0.5292276  1.19363153]\n",
      " [0.         0.         0.         0.         0.26349048 0.         0.         0.         0.         0.         0.         0.         0.         0.24912121 0.19337062 0.         0.2547831  0.         0.         0.         0.         0.66830588 0.84663097 0.74607767 0.51076907 1.30345349 0.64859702 0.70580539 1.64930461 1.67415882 0.57464867 0.48966219 0.85636037 0.71543476 0.42315476 1.74614788 0.39870077 0.43152654 0.65980329 0.53305892 1.2157337 ]\n",
      " [0.         0.         0.         0.         0.26504361 0.         0.         0.         0.         0.         0.         0.         0.         0.25056781 0.19697819 0.         0.25626129 0.         0.         0.         0.         0.67719888 0.85050903 0.75437547 0.51610738 1.3229999  0.66017096 0.71632152 1.6632225  1.69754433 0.58141351 0.4979505  0.86413119 0.72503135 0.42481499 1.76942241 0.4005946  0.4290059  0.64722575 0.53928454 1.22891182]\n",
      " [0.         0.         0.         0.         0.26516026 0.         0.         0.         0.         0.         0.         0.         0.         0.25085805 0.19310651 0.         0.25648262 0.         0.         0.         0.         0.6568937  0.84024953 0.73064241 0.51124454 1.2828546  0.64390981 0.69183122 1.621401   1.64610982 0.56767877 0.48235736 0.84794562 0.70283018 0.42110777 1.7132273  0.39834047 0.41722667 0.64510396 0.52822321 1.1940169 ]\n",
      " [0.         0.         0.         0.         0.25188578 0.         0.         0.         0.         0.         0.         0.         0.         0.23800238 0.18000163 0.         0.24354841 0.         0.         0.         0.         0.63951503 0.79327135 0.71203918 0.49404422 1.23826713 0.61995785 0.67262521 1.57116054 1.60093248 0.54906152 0.47000894 0.83028044 0.68325931 0.41103482 1.66554343 0.37357052 0.4015899  0.62379085 0.51041158 1.16363515]\n",
      " [0.         0.         0.         0.         0.26814888 0.         0.         0.         0.         0.         0.         0.         0.         0.25372572 0.19111651 0.         0.25937813 0.         0.         0.         0.         0.66412242 0.8513363  0.7399871  0.51488488 1.31147355 0.65081939 0.69856133 1.64375327 1.66439736 0.57650918 0.49211583 0.86228556 0.7092384  0.43020582 1.73574554 0.40191792 0.41988394 0.67426659 0.53906959 1.20704577]\n",
      " [0.         0.         0.         0.         0.26236083 0.         0.         0.         0.         0.         0.         0.         0.         0.24814702 0.18403629 0.         0.25375516 0.         0.         0.         0.         0.65382449 0.82437107 0.72827838 0.50272494 1.28596517 0.63908882 0.68810129 1.61161638 1.63661488 0.56147871 0.4848329  0.83367157 0.69800472 0.4022034  1.70610356 0.38809691 0.41667866 0.64056752 0.52690358 1.18870778]\n",
      " [0.24317547 0.249049   0.2647799  0.24978428 0.         0.25788648 0.25207086 0.24912121 0.25056781 0.25085805 0.23800238 0.25372572 0.24814702 0.         0.36126294 0.25633824 0.         0.25322045 0.25227743 0.24526923 0.24839285 0.55280695 0.78136295 0.63471231 0.44125049 1.21133372 0.57830043 0.69453947 1.45066869 1.45516106 0.39653693 0.41546465 0.94904159 0.55610806 0.39233069 1.51015384 0.34568076 0.54642462 0.58563249 0.36480115 0.99589119]\n",
      " [0.18849923 0.18515054 0.19821425 0.1923032  0.38272966 0.187159   0.17810661 0.19337062 0.19697819 0.19310651 0.18000163 0.19111651 0.18403629 0.36126294 0.         0.18486744 0.36651865 0.18747716 0.1873769  0.18413544 0.18587612 0.57592114 0.7497663  0.664589   0.49298989 1.22909464 0.58964012 0.64363413 1.40697502 1.42815392 0.43677789 0.49679529 0.94778638 0.63680992 0.43379961 1.53691384 0.31579445 0.4470244  0.6209081  0.52042158 1.07759695]\n",
      " [0.         0.         0.         0.         0.27081938 0.         0.         0.         0.         0.         0.         0.         0.         0.25633824 0.18486744 0.         0.26199585 0.         0.         0.         0.         0.66484228 0.84197419 0.7418566  0.51521995 1.30547711 0.64702003 0.70174087 1.63561025 1.66775853 0.57048447 0.4901346  0.8493719  0.71174319 0.41732785 1.7384556  0.40462603 0.42542526 0.63734418 0.54065215 1.20840312]\n",
      " [0.24877036 0.25468351 0.27044089 0.25538058 0.         0.26348536 0.25768935 0.2547831  0.25626129 0.25648262 0.24354841 0.25937813 0.25375516 0.         0.36651865 0.26199585 0.         0.25888142 0.25787936 0.25081977 0.25398925 0.55192165 0.77018992 0.63791489 0.44276084 1.20969895 0.57661122 0.68941323 1.45171607 1.45784075 0.39456923 0.4048755  0.96254153 0.55815705 0.39067133 1.51524425 0.34748093 0.54790066 0.57865563 0.36450423 0.99196887]\n",
      " [0.         0.         0.         0.         0.26765726 0.         0.         0.         0.         0.         0.         0.         0.         0.25322045 0.18747716 0.         0.25888142 0.         0.         0.         0.         0.66629251 0.83233979 0.74343263 0.51301681 1.28151854 0.64834518 0.70091788 1.6415374  1.66833229 0.57498736 0.4837595  0.85475683 0.71874754 0.4337304  1.7372728  0.40548471 0.42185371 0.6512327  0.54665488 1.21447787]\n",
      " [0.         0.         0.         0.         0.26654496 0.         0.         0.         0.         0.         0.         0.         0.         0.25227743 0.1873769  0.         0.25787936 0.         0.         0.         0.         0.64962138 0.81479895 0.72568609 0.50733279 1.27253935 0.63389002 0.68287839 1.604527   1.62980068 0.5636628  0.48614373 0.85560346 0.69492015 0.41899852 1.69687406 0.39216282 0.40252825 0.64888051 0.52849789 1.1848832 ]\n",
      " [0.         0.         0.         0.         0.25928613 0.         0.         0.         0.         0.         0.         0.         0.         0.24526923 0.18413544 0.         0.25081977 0.         0.         0.         0.         0.63838737 0.80602679 0.71202816 0.4998935  1.25199791 0.61993812 0.67230462 1.57216548 1.59908857 0.5459029  0.47269248 0.83358484 0.68199462 0.40542017 1.66681139 0.38572081 0.40875044 0.62634474 0.5143197  1.1636459 ]\n",
      " [0.         0.         0.         0.         0.26258051 0.         0.         0.         0.         0.         0.         0.         0.         0.24839285 0.18587612 0.         0.25398925 0.         0.         0.         0.         0.65058488 0.81567967 0.72549508 0.50308287 1.26382439 0.63345229 0.68536495 1.59947816 1.6310821  0.56161967 0.47826206 0.83463244 0.69544229 0.42493571 1.69546588 0.39205989 0.4153587  0.63714319 0.52489959 1.18432243]\n",
      " [0.65087008 0.6597607  0.66222549 0.65106368 0.5837013  0.6471799  0.65513113 0.66830588 0.67719888 0.6568937  0.63951503 0.66412242 0.65382449 0.55280695 0.57592114 0.66484228 0.55192165 0.66629251 0.64962138 0.63838737 0.65058488 0.         0.74647849 0.59907394 0.59065465 1.18269446 0.55890235 0.59654382 1.19969331 1.11889929 0.45163529 0.55599971 1.0928918  0.46599913 0.64574713 1.30116579 0.51743552 0.62966501 0.51925389 0.54005782 0.80205084]\n",
      " [0.82205109 0.82634097 0.82459827 0.82856128 0.81440561 0.80438119 0.81648696 0.84663097 0.85050903 0.84024953 0.79327135 0.8513363  0.82437107 0.78136295 0.7497663  0.84197419 0.77018992 0.83233979 0.81479895 0.80602679 0.81567967 0.74647849 0.         0.93042904 1.02489152 1.08478953 0.83810212 0.62249017 0.80806168 1.03082386 0.69973678 0.85214745 0.91488378 0.90650919 0.81712137 1.11463858 0.7328492  0.76129549 0.96838214 0.80209207 0.80309973]\n",
      " [0.72614187 0.73843183 0.73822973 0.72694621 0.66621366 0.71924958 0.73134424 0.74607767 0.75437547 0.73064241 0.71203918 0.7399871  0.72827838 0.63471231 0.664589   0.7418566  0.63791489 0.74343263 0.72568609 0.71202816 0.72549508 0.59907394 0.93042904 0.         0.62790165 1.45016068 0.73149382 0.64973582 1.52097567 1.47488181 0.58625223 0.68724645 1.24844815 0.47417147 0.78316949 1.59352244 0.62997864 0.73140071 0.80713288 0.59719767 1.10211065]\n",
      " [0.50333267 0.51094593 0.52290447 0.50676003 0.45209781 0.51061797 0.51085741 0.51076907 0.51610738 0.51124454 0.49404422 0.51488488 0.50272494 0.44125049 0.49298989 0.51521995 0.44276084 0.51301681 0.50733279 0.4998935  0.50308287 0.59065465 1.02489152 0.62790165 0.         1.52189119 0.6222852  0.84231392 1.80477733 1.6225941  0.54522573 0.45333363 1.35338441 0.60072224 0.49072401 1.90722426 0.47651919 0.71375592 0.41208722 0.61481195 1.15762036]\n",
      " [1.2678158  1.26955238 1.30246411 1.28824825 1.28112351 1.27181715 1.25150176 1.30345349 1.3229999  1.2828546  1.23826713 1.31147355 1.28596517 1.21133372 1.22909464 1.30547711 1.20969895 1.28151854 1.27253935 1.25199791 1.26382439 1.18269446 1.08478953 1.45016068 1.52189119 0.         1.53435643 1.01112137 1.1602903  1.11271196 1.20854712 1.14615157 1.17832677 1.38994976 1.36430561 1.28271514 1.22031988 1.35426963 1.50937807 1.33380753 1.09739055]\n",
      " [0.63359835 0.64510969 0.64369763 0.63666288 0.60465939 0.63214181 0.64072622 0.64859702 0.66017096 0.64390981 0.61995785 0.65081939 0.63908882 0.57830043 0.58964012 0.64702003 0.57661122 0.64834518 0.63389002 0.61993812 0.63345229 0.55890235 0.83810212 0.73149382 0.6222852  1.53435643 0.         0.6395626  1.54608163 1.54695092 0.54901744 0.68637975 1.2207273  0.71069942 0.67791894 1.72020697 0.55014156 0.54557858 0.60974048 0.53004812 1.06197839]\n",
      " [0.68673081 0.69541393 0.69785351 0.68751168 0.72524683 0.6806866  0.68995346 0.70580539 0.71632152 0.69183122 0.67262521 0.69856133 0.68810129 0.69453947 0.64363413 0.70174087 0.68941323 0.70091788 0.68287839 0.67230462 0.68536495 0.59654382 0.62249017 0.64973582 0.84231392 1.01112137 0.6395626  0.         0.92943548 1.01640504 0.56470617 0.74114489 0.76691612 0.71266901 0.76766873 0.81176218 0.60644324 0.56347395 0.78902783 0.66593661 0.72921005]\n",
      " [1.60716587 1.62921504 1.63569012 1.60523737 1.51794009 1.60007425 1.60879604 1.64930461 1.6632225  1.621401   1.57116054 1.64375327 1.61161638 1.45066869 1.40697502 1.63561025 1.45171607 1.6415374  1.604527   1.57216548 1.59947816 1.19969331 0.80806168 1.52097567 1.80477733 1.1602903  1.54608163 0.92943548 0.         0.77906354 1.20021346 1.51053815 1.26421742 1.39582164 1.59658467 1.47079717 1.40031175 1.52883484 1.60754255 1.38007089 1.06561834]\n",
      " [1.63191599 1.65184261 1.66080133 1.63036208 1.53170374 1.62238949 1.64174177 1.67415882 1.69754433 1.64610982 1.60093248 1.66439736 1.63661488 1.45516106 1.42815392 1.66775853 1.45784075 1.66833229 1.62980068 1.59908857 1.6310821  1.11889929 1.03082386 1.47488181 1.6225941  1.11271196 1.54695092 1.01640504 0.77906354 0.         1.16857768 1.41865769 1.28301948 1.25668158 1.63760038 1.30306365 1.380612   1.54411417 1.3766633  1.39216036 0.8288456 ]\n",
      " [0.56107412 0.5660204  0.57275888 0.56293188 0.42159195 0.55680858 0.56713746 0.57464867 0.58141351 0.56767877 0.54906152 0.57650918 0.56147871 0.39653693 0.43677789 0.57048447 0.39456923 0.57498736 0.5636628  0.5459029  0.56161967 0.45163529 0.69973678 0.58625223 0.54522573 1.20854712 0.54901744 0.56470617 1.20021346 1.16857768 0.         0.5372274  1.02041212 0.50171464 0.49610983 1.34994546 0.37648278 0.61634689 0.56270986 0.43776613 0.8840363 ]\n",
      " [0.47777301 0.48222034 0.4949284  0.48115557 0.42250865 0.489831   0.46922839 0.48966219 0.4979505  0.48235736 0.47000894 0.49211583 0.4848329  0.41546465 0.49679529 0.4901346  0.4048755  0.4837595  0.48614373 0.47269248 0.47826206 0.55599971 0.85214745 0.68724645 0.45333363 1.14615157 0.68637975 0.74114489 1.51053815 1.41865769 0.5372274  0.         1.140682   0.64163377 0.49789685 1.58490704 0.45270068 0.58240875 0.58927151 0.61618579 1.06977021]\n",
      " [0.84056282 0.85217154 0.87410233 0.85175072 0.97687264 0.84412556 0.83409844 0.85636037 0.86413119 0.84794562 0.83028044 0.86228556 0.83367157 0.94904159 0.94778638 0.8493719  0.96254153 0.85475683 0.85560346 0.83358484 0.83463244 1.0928918  0.91488378 1.24844815 1.35338441 1.17832677 1.2207273  0.76691612 1.26421742 1.28301948 1.02041212 1.140682   0.         1.22660279 1.12590822 0.9239492  1.06115258 1.12849876 1.31348679 1.05511673 0.99890559]\n",
      " [0.69580311 0.7116937  0.70880129 0.69604604 0.58506341 0.69255747 0.70472124 0.71543476 0.72503135 0.70283018 0.68325931 0.7092384  0.69800472 0.55610806 0.63680992 0.71174319 0.55815705 0.71874754 0.69492015 0.68199462 0.69544229 0.46599913 0.90650919 0.47417147 0.60072224 1.38994976 0.71069942 0.71266901 1.39582164 1.25668158 0.50171464 0.64163377 1.22660279 0.         0.71470936 1.54028001 0.58737491 0.76511948 0.629693   0.51035117 0.98849019]\n",
      " [0.41759893 0.4274623  0.43851335 0.41892966 0.41250562 0.42200955 0.41674014 0.42315476 0.42481499 0.42110777 0.41103482 0.43020582 0.4022034  0.39233069 0.43379961 0.41732785 0.39067133 0.4337304  0.41899852 0.40542017 0.42493571 0.64574713 0.81712137 0.78316949 0.49072401 1.36430561 0.67791894 0.76766873 1.59658467 1.63760038 0.49610983 0.49789685 1.12590822 0.71470936 0.         1.72725649 0.44025584 0.59833287 0.57653122 0.59653623 1.20392403]\n",
      " [1.7006552  1.72076847 1.73035591 1.6994336  1.58612472 1.6851575  1.71051292 1.74614788 1.76942241 1.7132273  1.66554343 1.73574554 1.70610356 1.51015384 1.53691384 1.7384556  1.51524425 1.7372728  1.69687406 1.66681139 1.69546588 1.30116579 1.11463858 1.59352244 1.90722426 1.28271514 1.72020697 0.81176218 1.47079717 1.30306365 1.34994546 1.58490704 0.9239492  1.54028001 1.72725649 0.         1.47979042 1.70843329 1.82291617 1.44550701 0.99236465]\n",
      " [0.38792281 0.40325695 0.40705958 0.39781436 0.3608347  0.39910506 0.39453827 0.39870077 0.4005946  0.39834047 0.37357052 0.40191792 0.38809691 0.34568076 0.31579445 0.40462603 0.34748093 0.40548471 0.39216282 0.38572081 0.39205989 0.51743552 0.7328492  0.62997864 0.47651919 1.22031988 0.55014156 0.60644324 1.40031175 1.380612   0.37648278 0.45270068 1.06115258 0.58737491 0.44025584 1.47979042 0.         0.52077247 0.60517602 0.3918784  0.95667064]\n",
      " [0.42032544 0.41360877 0.42001152 0.4153927  0.58861957 0.4069332  0.41455875 0.43152654 0.4290059  0.41722667 0.4015899  0.41988394 0.41667866 0.54642462 0.4470244  0.42542526 0.54790066 0.42185371 0.40252825 0.40875044 0.4153587  0.62966501 0.76129549 0.73140071 0.71375592 1.35426963 0.54557858 0.56347395 1.52883484 1.54411417 0.61634689 0.58240875 1.12849876 0.76511948 0.59833287 1.70843329 0.52077247 0.         0.71195091 0.60236176 1.19724014]\n",
      " [0.63724897 0.64835559 0.6459724  0.64951326 0.61319548 0.64658555 0.63456504 0.65980329 0.64722575 0.64510396 0.62379085 0.67426659 0.64056752 0.58563249 0.6209081  0.63734418 0.57865563 0.6512327  0.64888051 0.62634474 0.63714319 0.51925389 0.96838214 0.80713288 0.41208722 1.50937807 0.60974048 0.78902783 1.60754255 1.3766633  0.56270986 0.58927151 1.31348679 0.629693   0.57653122 1.82291617 0.60517602 0.71195091 0.         0.67388031 1.09968095]\n",
      " [0.52238398 0.53393274 0.53812943 0.52823226 0.38890282 0.53147749 0.5292276  0.53305892 0.53928454 0.52822321 0.51041158 0.53906959 0.52690358 0.36480115 0.52042158 0.54065215 0.36450423 0.54665488 0.52849789 0.5143197  0.52489959 0.54005782 0.80209207 0.59719767 0.61481195 1.33380753 0.53004812 0.66593661 1.38007089 1.39216036 0.43776613 0.61618579 1.05511673 0.51035117 0.59653623 1.44550701 0.3918784  0.60236176 0.67388031 0.         0.9434932 ]\n",
      " [1.1845083  1.20412107 1.20531803 1.18492789 1.03581978 1.17690961 1.19363153 1.2157337  1.22891182 1.1940169  1.16363515 1.20704577 1.18870778 0.99589119 1.07759695 1.20840312 0.99196887 1.21447787 1.1848832  1.1636459  1.18432243 0.80205084 0.80309973 1.10211065 1.15762036 1.09739055 1.06197839 0.72921005 1.06561834 0.8288456  0.8840363  1.06977021 0.99890559 0.98849019 1.20392403 0.99236465 0.95667064 1.19724014 1.09968095 0.9434932  0.        ]]\n",
      "[[ 0.16483109 -0.2769011 ]\n",
      " [ 0.16849205 -0.28138387]\n",
      " [ 0.17166823 -0.2847231 ]\n",
      " [ 0.16689069 -0.27834472]\n",
      " [-0.04694749 -0.20504972]\n",
      " [ 0.16740739 -0.27503014]\n",
      " [ 0.16642792 -0.27788231]\n",
      " [ 0.17026022 -0.28697425]\n",
      " [ 0.17215463 -0.29169067]\n",
      " [ 0.16764947 -0.28104838]\n",
      " [ 0.16089652 -0.26830454]\n",
      " [ 0.17144965 -0.28573916]\n",
      " [ 0.16616928 -0.27847116]\n",
      " [-0.03252909 -0.17222302]\n",
      " [ 0.15560954 -0.11291129]\n",
      " [ 0.17015502 -0.28556341]\n",
      " [-0.03725166 -0.17193565]\n",
      " [ 0.1705208  -0.2850954 ]\n",
      " [ 0.16704104 -0.2767662 ]\n",
      " [ 0.16202685 -0.26995077]\n",
      " [ 0.16575919 -0.27587342]\n",
      " [-0.33064434  0.16313618]\n",
      " [ 0.15134539  0.55959008]\n",
      " [-0.57670623 -0.15668836]\n",
      " [-0.24764514 -0.50337996]\n",
      " [-0.9194772   0.63885159]\n",
      " [ 0.4725955   0.11437235]\n",
      " [-0.03745557  0.4128152 ]\n",
      " [ 0.011886    1.3405606 ]\n",
      " [ 0.21894351  1.32079518]\n",
      " [-0.20015828  0.11178659]\n",
      " [-0.28869715 -0.24678142]\n",
      " [ 0.62541433  0.52226213]\n",
      " [-0.49253132 -0.01989559]\n",
      " [-0.10003587 -0.48371901]\n",
      " [-0.73905942  1.24741944]\n",
      " [-0.0858729  -0.02520791]\n",
      " [ 0.44003307 -0.09354797]\n",
      " [-0.42741909 -0.43160823]\n",
      " [-0.06050344  0.12882896]\n",
      " [-0.30269316  0.82227242]]\n"
     ]
    },
    {
     "name": "stderr",
     "output_type": "stream",
     "text": [
      "c:\\Users\\blaze\\Projects\\FlexFringeUtils\\.venv\\Lib\\site-packages\\sklearn\\manifold\\_mds.py:677: FutureWarning: The default value of `n_init` will change from 4 to 1 in 1.9.\n",
      "  warnings.warn(\n"
     ]
    },
    {
     "data": {
